1.614340339497272387e-05
2.888618152298055297e-01
1.000000000000000000e+00
1.175314807551597882e-10
1.953135274966100363e-15
1.513817560056067990e-01
5.301096670963474665e-08
4.067009316946590403e-01
9.999908476648652345e-01
5.727019107508817538e-14
9.999866922063286312e-01
9.580604958767557500e-10
1.030025796430249659e-09
9.999319988876933518e-01
2.235683780118028608e-06
1.262717330355399026e-19
9.999767396918481932e-01
9.998426518635695759e-01
6.553258929792938998e-13
5.254091181993349085e-16
2.885028847212307238e-03
1.502005193394491798e-07
9.990906240075529965e-01
1.000000000000000000e+00
1.112532486755806274e-15
1.169334600459194500e-13
5.919301151956415374e-01
9.999999999999995559e-01
1.861409738335099683e-10
9.500010726831628061e-01
9.999999999999997780e-01
8.722064710148353939e-01
9.999974563045535003e-01
9.999999919125973635e-01
9.999999681700807441e-01
9.999999999998381295e-01
9.999983796919351686e-01
1.155186366262543722e-13
1.973384493909056298e-07
8.637259496885412169e-01
1.000000000000000000e+00
8.469374202871503823e-17
9.999999999796949091e-01
9.998717500205280828e-01
9.999999999999860112e-01
9.998754040961479461e-01
3.213130194783931787e-06
1.725498067801595492e-10
1.239191429188445499e-12
2.372561122229157781e-07
9.999999999998172573e-01
2.118434835455803300e-01
2.824026974301387311e-12
9.986815286488303078e-01
9.989893457619551942e-01
1.000000000000000000e+00
9.999999993140988863e-01
9.994977897331486227e-01
1.520497132580187091e-07
9.999999999909685577e-01
9.999999996084887322e-01
9.911682544260642658e-01
1.000000000000000000e+00
9.999991755522470438e-01
1.020095317876870168e-02
4.516530980758909353e-04
1.017804626871810642e-01
1.438325646641360964e-02
9.999999999999473754e-01
9.997133588377041802e-01
9.999999999998225864e-01
9.993175236539081352e-01
3.226967240540786161e-12
9.997779690932515617e-01
6.545291211351199952e-04
9.765260281835525245e-17
9.999999996024577786e-01
2.941402692062041992e-17
1.048929901492080957e-01
9.998805933650104505e-01
9.999999998518653843e-01
9.999999999999502620e-01
7.484652476596244926e-18
1.140093070206794746e-05
7.688549707452776173e-08
1.713655019719786169e-11
9.999999999997930544e-01
6.603822014841785881e-01
9.999999999999953371e-01
9.999999999998667732e-01
9.723470676521371869e-01
9.996968220901757407e-01
9.999920526081512717e-01
8.582814107801596965e-14
9.997018231054727311e-01
9.999999999982396304e-01
5.814425324769029162e-20
8.159503134783658851e-01
9.999999990303247710e-01
1.381799950899606673e-02
