9.655956366936037372e-03
9.997616040401477999e-01
1.889280091205194911e-02
3.498224336330890095e-09
9.969517366536752023e-01
8.957532896018681745e-01
5.625367589823029174e-02
9.998640251582238125e-01
2.374488206293668691e-01
2.148817950332575569e-02
9.999943197737061196e-01
5.366122752607781514e-04
9.131513003957430694e-03
8.234875875338676116e-04
2.230356672020128439e-01
9.172687501321346096e-03
8.876986346185513374e-05
2.094990199788554219e-01
9.999999747303243147e-01
9.952110154401184738e-01
1.262993564138300271e-04
1.320454470135667578e-03
1.543203069177256741e-02
5.436521660027371836e-07
7.251112538257827034e-02
8.019023015106277463e-03
8.249875581568496749e-03
6.645140202588183387e-01
6.136749859028645557e-06
7.783171164831130539e-05
9.987295214625442341e-01
7.575820718918793162e-01
5.487805714853916106e-01
7.385397176945816822e-02
2.623232729730142238e-05
9.999994935533320639e-01
9.992258041358769161e-01
9.999979737541481173e-01
6.742742705197595268e-07
4.607676726397245126e-01
9.999991122234689334e-01
4.735097562361290931e-05
9.999889399312190674e-01
9.998270490685461365e-01
8.335948554884654582e-01
4.032458703817959345e-02
5.197667650099571830e-03
9.627972326827659577e-01
1.073086798419880805e-01
9.920368434680419956e-01
9.999936143134510180e-01
7.169507185485008982e-01
1.820101273903499683e-01
2.615394805324814036e-07
2.710024928097873320e-02
9.999999073622639623e-01
8.806499116456810716e-01
9.999999648144083375e-01
4.220411627375241740e-05
9.985434225505361860e-01
1.103982185841331358e-06
4.177103617199905139e-02
1.006237735020066833e-04
3.315863304432611347e-01
9.892742422930129731e-01
2.003787171554464357e-04
3.307145264361709414e-01
1.673364821302222860e-02
6.731699498061799458e-01
9.987524342670465183e-01
9.977150057309436271e-01
3.611582361293318999e-01
2.830512928864155101e-05
1.473737622249602188e-04
8.169207430402680714e-02
9.999999206990392020e-01
9.999999864340889388e-01
9.998897438669221982e-01
9.999994925871898976e-01
3.163196398996310221e-01
3.679469300882509120e-01
4.186364603920658851e-03
1.001732109872009030e-01
6.768451258901956313e-01
3.868517901134893512e-04
9.999878420157024550e-01
9.939274730293259363e-01
1.171393763486959592e-03
1.162557105434773863e-01
9.998405024869299051e-01
9.977394186064233450e-01
1.728736464783133531e-01
4.828183616960081692e-01
9.147275143547557441e-01
9.999829898679989393e-01
9.999824941292678737e-01
7.351991669895745858e-04
9.922992905771954586e-01
9.999999658881291165e-01
1.706437255462703521e-07
