2.869485163962625096e-01
6.929027065217455705e-01
1.807747257693676501e-01
3.528668914875800894e-02
1.054031139084574686e-01
3.648803654867247698e-02
4.362704690483742466e-03
1.969644009196643356e-02
8.905196341022391521e-03
3.406270659528855549e-01
6.050384278000844190e-02
1.105438069517513007e-02
1.716149829137431360e-01
8.943183084279942019e-01
2.246199608004271694e-02
5.280945758581072520e-03
2.562834581854840921e-01
1.475525432636236615e-04
2.269860243052952611e-03
4.486735197425631982e-01
2.816164149374591704e-05
1.784948861772304718e-01
7.870591210767673195e-04
8.961589434640400767e-03
4.547109383733267301e-04
1.783434488512105065e-01
1.041905506905707818e-03
4.311064850185136049e-02
2.422365861421802227e-02
5.011840729343282064e-01
2.096817396118064950e-03
5.938386545135035562e-03
3.422417435668722030e-01
1.016346075235120030e-04
7.867950187205117584e-04
5.233654679722156942e-04
2.974807422691042036e-02
2.580192127467159646e-01
1.994857317613047548e-02
1.168762977546866644e-01
2.090663194281539017e-02
3.222536290983375436e-04
5.917539604207400564e-03
5.052488107248370025e-02
2.957365405491817634e-03
3.308417954610730870e-03
5.011873753036824031e-01
8.725528337013916530e-03
1.148044611214317197e-03
2.933953327984744619e-01
9.111390731016645317e-01
3.798962768486206787e-02
3.577015435865454202e-03
7.369341141144608587e-01
4.486222867430284533e-01
2.364375184839809848e-03
2.464372185447188598e-02
1.418659109415814669e-02
6.187578636022304703e-04
1.479703778968841955e-02
1.060606303716282121e-04
3.269292304004558104e-03
1.501479191211059667e-02
1.903017848535173973e-01
2.677757585171015495e-04
7.538071388692768604e-01
5.888997955257148972e-04
1.233120341600975030e-03
3.222838245526759432e-02
5.236518182891691277e-03
4.824723421739854357e-03
5.684555833607519287e-02
1.717248354386223487e-03
2.098737225611556068e-01
4.543884520288887785e-01
3.436847937626762183e-04
1.375105170640188558e-03
5.424416032824526997e-04
6.086274282277013420e-03
1.839006319156559488e-01
9.661273634149168954e-01
1.269858485812502547e-01
3.218903225594454314e-04
1.713813107033942051e-03
1.651085792576417906e-04
8.799304185922686081e-03
7.279831345884719973e-02
4.164226236452011872e-04
4.274415745696602716e-03
2.254774070355112115e-03
3.068144005917144979e-01
3.550009586625975655e-01
1.181281644163150509e-03
2.730571118313945660e-03
9.777074049261879063e-01
7.399446129140893058e-01
2.347460688929826054e-04
1.738716512776945083e-02
1.405261899415444996e-03
1.459974181488214451e-01
3.460886494427119296e-03
8.755330434951136276e-02
3.131260382946605136e-01
1.600302042712381870e-02
1.800690549456555184e-02
2.406403280601632309e-03
3.843119871383934502e-03
7.480295300784026028e-04
3.488612660305012020e-02
8.774158845408126101e-03
1.279713971977363141e-01
1.428127391571051526e-04
1.672530818911624906e-03
7.319351023583853602e-03
3.420987171775529572e-05
3.687351636727665121e-03
2.343658034637340348e-01
6.683394630599421963e-06
1.782960836828541284e-02
6.394535691759243301e-01
9.858525298061607549e-05
2.259722676085357002e-03
3.733798854009828545e-03
1.799495804900807794e-01
1.428932305369569333e-01
1.497342254736857003e-01
5.711575290498598079e-02
3.519694354313382956e-01
1.997164756299414212e-03
2.319474890879496751e-02
2.455876589769256501e-03
7.899473445610193448e-03
6.720779777976628733e-01
1.693452492040279159e-02
1.159320894708845348e-02
7.180985564218203554e-02
5.424796831171921612e-04
3.749138099099468685e-02
5.602033704382813168e-05
6.923463686056005118e-04
6.257414702660531744e-04
7.142937248339752132e-02
4.270007608376173019e-02
4.498495008833225742e-03
3.688974384357652614e-04
1.974474320780462836e-04
4.767251374690670111e-03
3.933753631092628579e-03
8.806331065903666563e-04
2.742891519205169562e-02
6.736409379677377185e-02
4.078287934370784486e-05
3.571124203045615651e-03
8.443080512993553016e-05
8.178945102856631788e-01
1.616526895712136758e-01
5.787636418450077189e-03
1.104093869623316298e-05
5.109155677710195895e-03
1.605059809149270199e-03
5.189408766821383967e-01
1.676756365887642616e-03
7.453737837297270518e-05
3.054138617248674387e-02
2.462216038110275063e-03
9.207152727447971419e-01
4.475907679167436155e-03
5.155690882491970224e-03
1.439019280417261731e-05
7.129303847471190475e-03
9.526997477368487344e-03
1.903683181563130961e-02
5.668935417748340866e-01
4.276594465164045185e-03
5.069988528357712854e-01
2.960339793886122561e-01
6.113144586561173321e-01
5.850443386172855809e-02
1.177726290410062854e-01
8.556473977621822241e-03
1.470641955492363318e-02
7.744827524789212048e-02
6.121531456666762933e-02
6.119272937515107466e-03
7.542759704696347933e-01
1.989854729007019350e-03
4.971998100272561347e-04
1.324723859845408913e-01
3.562277804225677785e-03
3.710154938515220196e-03
1.387019986201330367e-04
2.180840948286402389e-02
5.155502243691209747e-03
5.887235690875418283e-04
1.582075425161717230e-01
2.340415602692085949e-04
1.016274692476007695e-03
3.046088876583278870e-01
6.550126208842976805e-01
1.617698176064435445e-01
6.646906765034510389e-02
3.296949913222475825e-02
1.307835534037306811e-02
3.884526952738207722e-02
1.615722824732936796e-02
4.446545843006262655e-01
2.562780501151162849e-01
1.344372541799914444e-01
2.572467913597173764e-02
2.134405515665132799e-02
2.670775868716768458e-03
3.028387123367863687e-05
4.106311431751941132e-02
1.080141487293826280e-01
1.443584951505557379e-01
2.333528380804155561e-02
6.834866224940348844e-02
4.003456526821132580e-03
3.869675106279976077e-03
5.563505948862699224e-01
1.050687145647405743e-02
5.968374797278786642e-03
2.874758705855644594e-02
7.069284407377423142e-04
3.515210768174797940e-01
4.062471055423861888e-01
3.296019734871721285e-01
1.470159597387121243e-02
3.659466682724250505e-03
6.491613557630061294e-03
2.149219322308036084e-01
7.607215013118115432e-02
6.684387088855423854e-03
4.876563594981115496e-02
1.780207040836411514e-01
1.406800239956847165e-02
1.961027093123621570e-02
1.791073645187666874e-01
4.095980833580559893e-02
1.901154880454140645e-04
3.758522567722048791e-02
3.759082194150854123e-02
8.761444805477336048e-03
1.608406776491213414e-02
8.464181592257581654e-02
9.886458692775580426e-01
2.872839923534251105e-01
2.481627820261246009e-01
5.081116813301913421e-02
8.186547249199202514e-02
6.235179600747783185e-02
6.370299178551193098e-01
6.286773184099985748e-04
4.492250636945192051e-04
7.783567992758073581e-03
7.122389426624470277e-02
1.167599428226920311e-01
1.330982150729691747e-02
1.751708248833307082e-03
9.741429774335106807e-06
1.159592146482948428e-02
1.306262140724956944e-01
1.675937774999590880e-04
2.619126792833271211e-01
8.326437178748792578e-02
1.028072504124898090e-02
3.902519466152081905e-04
6.107164383561735077e-01
7.710610987290637819e-02
1.336756094628256501e-02
5.272889092859358445e-02
8.936035551101858751e-03
2.785862003331940687e-03
5.224035738032210829e-02
7.826372993921911630e-03
2.364452643306821575e-02
6.622340718442278062e-02
6.531678757564809423e-01
3.711805213283676775e-06
9.299756299111966440e-02
6.546142544865550805e-01
1.337082458385063788e-01
1.004046339212556482e-01
7.175195966021205574e-02
6.711310547514996727e-02
2.898391481424943475e-03
7.370454808931931057e-01
1.790304387845203238e-01
1.738305221426896807e-01
8.811886553792549689e-03
2.816052658417055672e-04
6.661601840446840662e-04
1.221216538073070096e-01
2.817801298743393898e-02
1.534607546259215971e-01
1.094665579583186521e-04
3.409142773979250696e-01
1.258098781424045237e-04
9.279066602531757871e-03
8.641067745801856576e-03
1.058655363054189225e-01
4.537580828986312875e-01
3.022873602950771049e-03
2.374178260358541723e-02
3.440756097097392302e-03
1.008325839757550816e-04
5.659813985688468690e-02
9.162025006190536655e-03
1.308913830207867474e-02
1.025210356621564451e-03
1.857832340105816382e-01
4.168325241082943716e-04
4.579544766407875334e-02
1.663516557446694244e-01
4.200278381519575424e-05
4.079570969837792785e-03
2.057555258194961878e-01
4.702271652787106543e-03
2.404689897189181375e-05
1.948919777032663819e-03
4.799094603954384697e-02
1.900741109098269760e-03
6.192627931775981365e-01
2.283059884347193608e-03
2.310712449678195210e-02
1.264667326372961691e-02
1.908888658114039558e-02
1.307014706644631270e-04
1.562910618410107838e-02
1.623876595662413769e-01
9.675957171644950644e-03
1.349595252246210556e-03
1.180671997161244213e-01
2.056821178340231381e-04
1.876323384374870840e-01
5.027838336749836934e-01
5.590766382424482974e-04
3.017366509487838953e-05
6.294869389390000958e-01
6.678655010481264753e-01
3.247752767263327055e-05
4.609552836092594840e-04
9.701495861513571850e-02
3.284941139571377448e-03
4.905756205025298411e-01
1.707499813002543998e-01
3.425643479924384560e-01
4.650166743477807119e-01
6.750942096948514548e-01
8.309635025124645358e-02
4.403592207172408470e-04
5.068303462263685777e-01
7.225557594615154822e-05
1.780551937374051652e-02
9.460435781803639976e-01
3.185008601396652206e-02
9.420275095667124399e-01
9.558588814109270082e-02
1.050645694408356423e-01
6.690363145453671656e-06
1.945047232622828823e-05
2.605852082993759256e-01
9.969329593603036832e-01
6.016682705115588004e-01
1.357175128852697137e-03
6.971713134691081030e-04
9.515438792099445474e-04
1.641217232451729624e-01
5.714469291342227919e-01
1.509966513722555120e-03
1.928885970553696760e-01
4.442786332625160012e-02
6.960844851690167756e-01
1.187062871930653106e-05
3.486210564805147967e-03
2.367820667617354330e-04
1.539998084639339904e-01
3.400434388935209135e-02
9.869370981322619224e-03
5.973598174951920692e-01
2.164631097887719791e-01
1.057415387879211957e-03
1.643604151752612874e-01
1.211406666094019119e-02
2.545879774008501517e-01
9.980912473101142268e-01
1.010423441382186580e-02
4.925404209922771420e-04
7.679342454924553696e-01
9.713497442890779432e-01
1.819582700759557730e-03
4.017063709820794127e-04
1.054249246920431343e-01
6.534066035148558375e-03
3.158966899179146970e-03
2.691556592316817764e-01
2.160379555124236975e-02
3.432484994518602422e-02
3.182969232891644934e-02
6.378989359705587725e-02
3.143796943524398424e-01
2.651498252882202311e-01
1.696176915830338409e-04
2.843381768235385756e-03
1.366283304500702685e-04
9.892801245203255989e-02
1.489013680250439176e-01
2.877349567133171901e-02
1.359280514992606270e-01
1.360530906283531349e-01
5.373869169559896374e-03
6.181072162310048690e-02
5.880888198450382465e-01
3.973278345351552270e-03
6.203656399131123218e-03
1.178156362622954506e-01
4.509640677031543921e-01
5.745448053360790834e-03
1.431506430818554713e-02
5.602419116252846734e-03
5.428665821614126613e-02
1.396523984670924650e-03
7.081900605183303991e-03
2.233675632656795728e-04
2.639925379728369839e-03
2.552985832456809018e-03
2.968625913373510936e-02
6.904411729605890516e-03
5.913570375847578692e-03
9.372855446493439935e-01
9.711664353094572322e-01
4.327264917290631063e-02
1.088096329635032979e-05
2.213731581969363010e-02
2.442618026300745135e-02
1.854084422687928262e-03
1.427709008167677568e-02
7.087648190001152315e-01
1.815373303895846755e-03
2.731675370694082172e-01
7.068201981295267784e-03
1.518685686378888344e-01
4.427433185558875056e-04
3.920591754711637289e-02
1.771145732650776213e-03
1.201729283486408471e-02
2.601482560709409472e-03
2.162805275930462789e-03
5.594607416040694005e-04
7.611000746516730087e-02
8.077438565099918921e-02
3.116847372541616257e-01
3.328695234801690855e-02
8.677574797651826932e-03
4.447438143930727318e-03
1.530994208529557754e-01
9.374951497920307464e-01
6.555120552170151660e-02
3.731255227596289720e-02
2.121788627635956548e-03
8.713827103332657045e-03
3.932564112709337895e-02
1.588596047831983618e-02
2.230898166984498967e-03
6.192926985281641504e-04
2.493114394401104925e-02
3.704673663781723504e-04
3.604046492177360311e-02
7.957570625757909299e-02
1.087435222061105275e-03
9.733619583782696094e-02
9.709116087803752737e-02
4.377833680748961570e-04
5.146538121068269973e-04
8.418797208422644160e-03
2.239979936440834596e-01
2.074050404754894730e-02
6.427999193286637603e-02
7.264031513929616532e-03
8.144538772895407392e-04
4.695528030435512645e-03
2.958220262799637207e-03
9.560443460251664971e-04
1.407980217372514081e-02
7.808664709655955827e-01
2.155212173258050715e-02
6.611177154283903561e-03
5.038264339719262797e-01
2.726424760358118777e-03
1.212351250933508124e-04
8.308274262944517208e-01
1.712510521273339636e-01
1.040464354092033999e-01
2.093869581109762956e-01
1.108754598854039941e-04
8.782271687617944703e-03
5.958471075952641652e-03
1.312049671825620684e-02
8.402046612340282605e-01
7.256451014572077023e-05
9.618016360900287151e-03
8.666271395195755678e-02
2.016919517159479480e-02
2.291925585107885044e-05
8.644046719743453053e-03
8.437620345107872026e-04
6.621043945611591874e-02
1.621291889285311413e-02
2.128887832854213236e-01
1.184417440924180748e-01
5.261702861001796849e-01
9.492936663998797764e-01
2.703340540100526625e-03
8.000775805714122058e-01
1.956194170599679857e-02
7.336551254956934220e-03
1.170374116720732539e-03
3.237887593919195565e-04
3.394027444591558029e-01
1.325062056846699880e-04
1.221857043142067639e-01
1.127363014566108990e-01
2.026728554156543086e-02
2.903655876324574003e-01
5.102482216301399420e-01
1.045231083387137020e-03
1.780096830687121767e-01
2.133296929312557537e-04
1.484102174080141722e-05
2.151705847117489721e-03
8.295663473270979693e-03
1.295914525880197468e-02
1.438549599525868524e-03
3.594504276625514194e-01
2.443298916786163476e-03
9.739831325424251895e-01
1.404898026512580453e-03
7.710715277590020345e-03
1.016150143669087647e-03
5.927581195646390924e-03
5.120054261911929612e-04
4.120194323219517063e-01
4.255180463602632312e-04
5.476897871644268584e-03
8.521998400921935168e-01
8.451684535405227204e-04
5.198144286017901232e-03
1.456705607313192596e-01
1.114694331328924259e-01
1.191980099381408781e-02
3.087011913171436165e-05
3.468455351020446821e-04
2.947880404985716435e-02
2.765714138069541757e-04
6.340651663019797150e-03
2.030237477982462478e-03
1.690854988408213881e-03
2.045821641045194542e-03
2.360127580830853090e-03
1.123722135665574219e-03
3.875774532918679145e-04
8.565585022413930993e-02
2.637743220296326352e-01
2.760238529367805812e-04
8.405374817074303673e-01
1.224292800327510256e-01
2.266409360565518546e-02
9.355523780552777932e-03
1.010511136215422150e-03
3.951900299908591152e-01
1.671535305929207696e-02
6.354076544180044944e-03
8.870237295435293417e-04
8.106748766325312383e-01
1.210369342918034136e-01
4.035027565258639953e-02
3.230682869762377049e-03
1.112473092402444317e-05
2.798738823138454193e-02
3.092282688394261750e-03
1.328595024931593371e-03
2.790991956894462583e-03
1.066512213188251974e-04
2.416490739535360477e-01
3.082448751359385085e-03
6.513091465083922227e-01
1.333616089238433000e-01
2.393077713800245698e-01
2.560700876007298774e-03
3.073133452583132891e-02
8.276265985126488589e-01
4.044018552251944613e-03
1.842304434530883314e-02
8.770495103170518059e-01
2.774909108545662445e-02
2.307070336558984065e-04
1.865383463654420593e-01
1.688865230656446878e-02
4.435125229928862239e-02
1.167243271427131635e-01
3.166998599973695067e-02
3.033515020953369765e-04
1.266145399503960283e-03
1.650313293729762654e-01
6.451238444189114629e-01
6.474010630345254647e-02
6.112733184772490246e-03
3.512941358123216479e-02
5.264431600983930995e-03
1.901135760076411944e-03
2.369738467051004938e-01
9.676856958856823177e-01
5.126182674370251659e-04
1.345056238889043656e-04
3.071370903739498517e-03
8.592183014500586261e-03
6.464450661580840515e-03
3.080020003955236574e-04
5.166392493078998671e-02
4.292918936832759158e-01
9.604183124938282523e-01
1.010847606445829583e-03
1.515678570194693153e-01
2.219227136436084755e-04
2.480326646441665880e-02
4.739205303638872185e-02
1.267789904471672002e-01
8.713752029484155004e-02
6.216890516811338641e-01
1.282555780212476116e-03
7.087754869788001968e-03
1.527658114644621194e-02
4.103501888056157454e-01
1.990049147400024072e-04
9.345359527469459734e-03
1.369203387170771391e-05
2.122099622404482674e-03
3.381490571327225129e-03
3.287583916080338928e-03
1.839102918751419138e-03
3.514369496881706856e-01
1.254741248643824734e-05
5.758874084508613933e-02
5.365029724451775587e-04
3.591404354390428239e-02
9.344757659626422037e-04
2.253706858222695453e-01
2.550315740535928355e-01
5.411667101917391198e-01
1.088772617203800008e-03
8.324008335128546543e-01
5.196004979186992223e-01
5.450314502812793060e-01
5.330894295723509133e-03
7.012396443048195538e-01
2.490711951485129021e-03
6.881308689850579308e-01
3.110118337356607490e-02
3.460100146006316220e-03
2.631171095583860840e-06
4.659986490846777796e-03
3.984997276888468942e-02
6.135807733680906893e-03
3.928433287782436278e-01
1.240725773833935147e-01
1.573632579438485196e-02
1.331416738454232205e-03
8.865228750714018724e-02
8.138658863876416238e-02
2.525524183856288629e-01
2.133222554793898218e-01
1.868567915012829816e-01
4.246830668336875059e-01
1.353323263135520560e-03
1.049637171506916274e-03
5.002316326439722183e-04
6.905639177462120915e-02
6.597182181608547413e-01
1.192927231714211861e-01
3.151636552280266956e-01
1.359853864587510508e-01
4.283902997942263462e-04
5.063934719617768990e-03
1.987789323278205469e-02
6.799054906702204359e-01
1.875705649357092830e-02
5.753801351011170739e-01
1.156912576292150156e-02
4.053170874113226629e-02
1.084506282792434100e-02
3.068627332943843489e-01
4.726437177268340284e-02
9.785637744483216549e-02
3.210667191563861822e-01
2.120902012693803504e-03
6.161109074639971317e-02
5.269492193710128419e-03
9.680314405093373969e-05
3.747306560923916634e-04
1.632027699626401387e-03
5.557419804966413478e-04
3.720004560368396496e-02
8.557205715261245738e-02
2.259579966000941839e-03
5.569428351104298291e-02
3.001219026476069449e-03
6.451178589368934679e-02
4.421795582514340649e-03
1.356535026261088961e-01
3.872456213262790922e-03
9.996590099333837465e-01
2.160949793937382533e-03
3.935594283733743473e-04
1.397736548059555755e-03
7.149676434181173428e-03
9.823152578535451207e-01
1.081428741299293598e-03
2.780903871086550794e-01
1.005361220078530293e-01
3.916095785878856428e-01
1.559949201493142090e-01
1.812313760514798200e-01
1.998538424516003165e-01
9.618793410076455219e-02
2.322724690684093568e-02
3.933178831758504801e-03
2.623011817958042016e-02
1.479970068938756267e-01
1.341656877542554693e-01
1.296228713886884900e-03
6.359101231601691634e-03
1.153644957120585936e-02
1.740674065495738442e-05
6.279113589007941608e-03
2.239326891469483050e-01
9.905735205738194424e-03
3.592249138146152987e-03
1.011006838221892440e-01
2.635414344883658111e-01
8.963378357166086607e-02
1.870399386302190325e-01
2.331962006043057851e-04
1.252716428545552485e-01
3.962498995799216585e-03
4.968878775360004163e-02
1.223414619000052529e-02
6.167814439550720063e-02
7.855404904063307825e-01
2.401427929371925153e-03
9.002717323131088217e-03
2.979093451606869020e-03
5.737834140188950993e-01
3.158039352654344058e-04
1.770238534174283732e-03
1.650659405654164580e-01
9.076048888343782838e-04
9.352809806459790876e-01
4.070781339369599627e-01
1.867453407841455637e-01
1.072306146528819934e-02
7.298385098818499506e-03
3.453593816970492586e-02
4.157937636538280302e-01
6.687341034868167836e-05
1.942783594109256246e-02
4.536091412399999301e-02
7.705170391356508386e-02
6.358453294178128927e-03
1.431047822193898603e-02
3.814666140668260264e-01
5.006330752390680816e-01
1.943764697521011831e-01
2.693433290348865028e-01
7.741641023691207314e-05
3.443216397681958031e-04
2.390041542716632439e-02
3.363313427678873424e-01
3.721858089664613605e-03
9.214551874825550881e-02
1.424449143618435878e-03
1.393908024166015235e-03
1.477835306626568146e-02
2.402488569238861449e-01
3.483700848958302260e-03
3.774474527706650484e-02
1.376858678562854939e-02
1.419823065534505692e-02
8.538496489863731630e-05
4.917372093361555008e-01
9.772205497606239587e-04
2.850700566196971708e-02
2.585314886118515385e-02
1.806435692805698767e-01
1.157584319488807190e-01
2.287188106173579927e-01
5.766680022955378293e-02
9.165028242528852663e-04
1.805042025161466002e-01
3.981498030082158274e-02
4.714949893346911600e-03
8.953219721488183162e-05
2.245903382326597530e-01
5.874151721483328314e-02
1.308518923890151196e-02
1.280234913552619289e-03
2.034961994301917663e-04
6.833740985722454031e-01
6.257755182413061697e-04
1.827056150198878750e-04
4.418209734407974872e-05
2.545240652976516263e-02
2.478855484901909267e-01
4.299622633846500799e-03
7.941634487840437684e-01
1.919028467540325467e-01
3.271581573491915557e-02
3.469647347449949203e-03
8.660148092164138278e-02
4.913730429478319062e-02
1.781268655270653312e-01
4.353403380971752890e-02
1.883848303941980384e-02
6.956657059389244058e-01
1.558697013572973300e-01
1.418519005194830056e-04
1.228469441988902771e-03
1.818662298164704701e-03
6.349517459301481882e-04
7.806503302083667162e-02
5.405768256091166181e-06
1.671811289428155531e-03
7.045655446435403202e-02
7.151501219178402202e-02
9.655564367170792472e-01
3.626380566645289513e-04
3.122468791722236153e-03
1.244046457294093605e-03
2.716188043482868018e-05
4.409104010788147954e-02
9.594638100777404255e-02
3.549961991068024980e-04
9.867589044353054506e-01
8.074057249919480662e-04
4.981562414593015877e-04
1.613732687762571907e-02
9.955096299201843246e-02
8.882356023738534681e-03
3.512360121719404482e-01
2.957228941014347079e-01
3.222171298801846523e-02
1.392201406716826479e-03
1.325366332334733648e-03
8.079005751352742173e-04
2.613395977699000117e-01
1.106540430413627306e-03
2.157938458710999957e-02
3.861921431786920905e-02
6.923549252844666269e-01
4.213892689825771143e-01
1.221633003466617712e-02
1.913894463213003660e-01
2.609342185374373402e-02
9.120215191328929355e-03
8.326810084133737765e-04
6.715575823928573908e-04
2.061920933627739427e-03
4.955721631953315387e-01
9.808481893061414547e-02
7.403577254136776975e-02
4.111093556130086119e-02
4.633381067623303443e-03
3.710656401526296611e-01
3.823477809273253050e-03
1.312819403325160561e-02
2.296215888634588979e-03
1.200071242017887918e-04
2.119785039548668926e-02
1.807820533024003605e-05
1.161615039285501891e-03
2.756143269653363315e-02
2.875927711667415274e-02
5.332772817624044370e-02
9.797898629317490678e-04
3.071630299854974833e-04
7.903971971270582278e-03
2.915716914873347013e-02
7.133746109963795545e-01
8.381045992725781948e-03
1.479325989902142285e-02
2.244451641973713130e-04
4.204386739630084670e-03
1.292698792132700039e-04
1.925859833120509464e-03
4.512750490749441179e-02
3.700373494907954752e-02
2.634477424033548898e-01
5.377185901525086686e-01
1.281023984102384276e-03
2.669716292122167964e-03
1.475585633479074288e-01
6.075599335645460314e-02
7.002529254673607248e-03
4.170552865471523229e-04
5.245079446503498168e-04
5.011149068529167916e-03
1.260407792152500039e-02
1.350114930306129703e-02
7.250801020901531668e-02
8.068809537810471832e-01
5.057375930207700376e-01
5.033544226068503713e-02
2.269815537263362992e-02
7.228226120953321066e-02
3.864535343887975134e-06
4.043630686801808483e-01
9.528840757542350604e-01
9.127642739430916752e-01
1.513825861288624897e-01
2.014359282418169597e-04
6.848361153772691487e-03
2.545970288748787211e-02
5.180508974735290213e-03
4.123662174042918909e-04
1.657603311627299791e-01
1.936007939380832025e-03
4.972154902398187755e-03
2.037032709024493710e-02
4.639722958119023126e-03
2.838874521356737901e-02
6.581819440046921032e-04
1.380968943139746496e-01
1.017130000975887717e-02
5.424925036301135421e-03
6.103716029565884327e-01
9.011506273185815319e-01
6.622057893770173786e-02
4.456874899123583304e-03
6.723383516609114652e-02
5.890119728979751972e-05
6.213743810065761597e-01
1.285835613514316536e-03
1.454988597674845008e-01
5.210258690512062918e-01
8.415302700380364875e-01
3.289530114983722775e-03
6.292935171659560512e-01
8.496869538887846449e-03
5.043688529757436867e-04
2.443308268624260968e-02
4.354885971019525058e-04
2.478774181399242271e-01
1.990608207139603762e-05
1.995336619581269597e-04
1.686688671682648130e-04
3.883620037620060124e-04
1.884385472887193519e-03
1.021890747989577936e-01
3.955147750610288337e-02
2.178026881133087456e-01
1.772639211477130758e-02
9.173238330965086673e-01
7.581891283073584342e-02
8.940660773083331306e-04
7.215044302825692141e-04
2.471127966528157971e-01
1.087373529270495634e-04
6.370142289913257976e-03
1.682824603898959784e-03
4.274401746768070496e-04
2.196934336749143957e-01
3.166242677306457549e-04
3.235415833234254190e-01
1.571966662161108363e-01
5.869651424385551042e-03
9.262797770824010438e-04
1.424830159604454638e-01
2.796543885433308563e-01
1.927689282720643910e-02
5.419460156926927952e-02
1.408459827481372759e-02
2.128635581007072564e-03
4.644756645816487846e-03
6.135583940007613207e-04
3.859197697524088116e-02
1.177710650725628280e-05
1.440292247239833776e-02
1.876007535294495101e-04
5.697982770933414202e-03
9.350918901270067751e-01
3.601952573756778825e-02
8.137971971096827004e-03
3.622024025379852030e-04
5.910854552434488887e-03
5.417548584586496380e-02
1.842549265765086120e-03
1.911174582248149900e-02
1.217284803816865851e-01
1.794433885735175426e-04
5.938800032850365812e-02
3.071705944213951600e-01
9.968395365648261564e-01
9.304095248679755681e-01
9.901747606189112982e-01
9.870291003051073764e-01
9.904948423025796700e-01
4.723430897324022992e-01
8.342315265364655952e-01
9.004685064049192667e-01
9.970123873279076454e-01
2.990061631029186096e-01
9.629121606621959817e-01
9.614806289964223929e-01
3.628417100421498787e-01
9.973047521130599113e-01
9.813138722934063862e-01
2.646717799149952421e-01
9.863156619271346015e-01
9.551978455127583256e-01
9.701365076706575108e-01
9.590544578873084758e-01
8.595625086605849230e-01
9.993486739276375985e-01
9.909795734091298991e-01
5.678810527972497635e-01
9.838105071384054545e-01
9.682084456535227091e-01
9.197776368008808712e-01
9.582640103354329586e-01
9.892643483564673712e-01
9.076502958633066998e-01
7.973298535384981678e-01
9.845150636781084819e-01
5.866867312232162401e-01
9.948689144028917131e-01
9.995991172921288026e-01
6.624276564515226839e-01
9.950415542281586534e-01
6.646283863879853815e-01
9.720295045084056396e-01
7.538595706616794123e-01
9.347783979656777431e-01
2.994322319809458177e-01
8.479970436578454507e-01
9.763878184674418259e-01
4.860107102493210762e-01
9.474140792400977951e-01
9.493570846093922766e-01
9.513499103080246266e-01
9.978431703970698230e-01
9.984529135097155450e-01
9.757436320659280682e-01
8.565594056608875073e-01
7.105196154188541113e-01
9.930463036109359320e-01
8.791140629992238997e-01
9.713680647290519055e-01
8.175991086568666910e-01
7.790343482492442240e-01
9.990520635128622429e-01
9.256042927083312222e-01
9.910121095896299304e-01
9.890300283089192845e-01
9.969551668749051521e-01
6.334163881101692040e-01
8.277700137137765646e-01
7.731058752105285370e-01
2.583872630116738067e-01
7.267883450739459628e-01
9.521067629354735828e-01
8.753284187946231976e-01
6.132954785767688044e-01
8.680970133465258920e-01
9.537612253900200621e-01
6.291592893498436645e-01
5.962742300888409508e-01
9.975976901101824001e-01
9.201546490507468423e-01
9.943756912771640755e-01
9.471132209172504757e-01
9.995617437472146261e-01
7.863819104534888194e-01
9.797380483323833156e-01
9.607451195107487019e-01
9.797183112148949435e-01
8.810817442970853008e-01
9.447600163966505260e-01
6.017773228360425719e-01
9.328487558165158289e-01
2.644540839853594671e-01
9.452350765996870852e-01
7.766147989414803332e-01
3.362463687165487269e-01
9.928071297498415326e-01
7.975412746978821632e-01
8.741216884406702858e-01
9.460357134968663262e-01
9.020237875968989405e-01
9.480778533629282689e-01
9.940822641685892469e-01
9.574920761976704053e-01
