5.087481011238349782e-02
1.994517104259409257e-01
3.898407373291953859e-02
1.111011772834214970e-02
1.284087111096894260e-02
4.268171007394403089e-03
1.236189662980396011e-03
5.413123045903408398e-03
3.158753560758340625e-03
5.465029882423823315e-02
1.740660163592825521e-02
3.158237516992899816e-03
4.691185647023968230e-02
4.159605266608937812e-01
8.397574454201339397e-03
1.561747456574022344e-03
4.153661386243340942e-02
1.029810986191906765e-04
1.089707886662733341e-03
5.724165125526844977e-02
6.895577299511043371e-06
2.588928549562403980e-02
3.687517804951204181e-04
2.613396693382100469e-03
1.773777583516305623e-04
3.147821603602408980e-02
4.996632260547951253e-04
7.837607304487122922e-03
6.790199743182553926e-03
4.543969889973226151e-02
8.898512080893495593e-04
1.885811148539706834e-03
4.882528689075018441e-02
5.410414785176772369e-05
7.009986531342199791e-04
9.952882784127946791e-05
6.501057067769391851e-03
1.344177908612200212e-01
3.801998050172001979e-03
1.737369897129308755e-02
7.910541340439431954e-03
1.866378709159056590e-04
8.194471630232593373e-04
1.642790213167624747e-02
7.814466217772230100e-04
7.556566137634852971e-04
6.894698154345238472e-02
1.374542482499664436e-03
3.049135380917192121e-04
2.735182518156414888e-02
4.444716810487877590e-01
7.353648629720415525e-03
7.890829454912774796e-04
2.046512604099580690e-01
7.998200375980477062e-02
9.435658780064404977e-04
6.106487428918026816e-03
5.695412859956385139e-03
1.279094396464813279e-04
3.108284247272720749e-03
5.236010507060866718e-05
8.524128551780414285e-04
1.413413398681429532e-03
1.773642792314959749e-02
1.492155558187012454e-04
1.544288249511500677e-01
2.555789635482194687e-04
9.052911475232874395e-04
3.963566070597459266e-03
3.235628105852903207e-03
2.422194291948245436e-03
1.259624866802169785e-02
5.400380240706794321e-04
2.994356697334297004e-02
8.992949560604471260e-02
2.130288944991956686e-04
2.526233088215685207e-04
1.842932401662815075e-04
2.254605284375709416e-03
4.472721666790427375e-02
4.705675934857359577e-01
2.170494011553108366e-02
8.349584901862016446e-05
6.376014048771761747e-04
5.102511962496556635e-05
1.182975376451246433e-03
2.676151480196233348e-02
1.841099896517827328e-04
1.534846483884952590e-03
6.357031495212677038e-04
5.127529829928893779e-02
8.812129918426546415e-02
1.878218911492513595e-04
8.045586905297063629e-04
6.805203079120382137e-01
1.262877415641849577e-01
2.616397815737124674e-04
4.470686671165667071e-03
4.102765983988165008e-04
3.300568492038055690e-02
1.333039859534428063e-03
2.236045467936125658e-02
5.307975814437947137e-02
2.194559644590551948e-03
5.700999057083109070e-03
8.902471030894104241e-04
1.386133200968854085e-03
1.445726411359479183e-04
1.148980101650448095e-02
6.819367463631953799e-04
9.531184805592826659e-03
6.650559401478344825e-05
6.422151668878075181e-04
2.927455370978390183e-03
1.820816075631708758e-05
1.616690597378714908e-03
3.616534512104926935e-02
6.719403900048149325e-06
3.057083397894377538e-03
1.164624598168513825e-01
9.085723960518008531e-05
5.546157760790800710e-04
1.062246580911364131e-03
2.534910410676878209e-02
1.824090026142496587e-02
1.496150580712496576e-02
8.658409669062236760e-03
9.590626433879566315e-02
4.629117783423779492e-04
5.716578396427932085e-03
1.606198282420786064e-03
1.771499338584027949e-03
2.071454491982073765e-01
4.725444855144103617e-03
8.228986761879299432e-04
1.444510135079200494e-02
2.563066967291427857e-04
5.204693610647325927e-03
3.271847539334962578e-05
3.887084856979653867e-04
3.266250904785937309e-04
1.348232013002682167e-02
5.155083773942520722e-03
2.621165726376199160e-03
2.473689762097074519e-04
1.495341341192360030e-04
1.522874867227406439e-03
3.781901660106207815e-03
4.142912827571140094e-04
8.024132320211728453e-03
8.334834275744846394e-03
2.064548171426511909e-05
5.232227121009959533e-04
4.414890991888853911e-05
2.491808171256506832e-01
2.050539439835719763e-02
1.989861818853631056e-03
6.439007259836621921e-06
1.479190794632118371e-03
1.257083131119910487e-03
1.258629193743149299e-01
3.731335128870104162e-04
7.237441292304963006e-05
6.608329423122905229e-03
1.140214935818763915e-03
3.830412598360734000e-01
7.443152259030664944e-04
1.111398542819032548e-03
1.249635538775701914e-05
3.495386424995536225e-03
3.572862344018917086e-03
3.350555364907759678e-03
1.712446371678248702e-01
1.962082142108093497e-03
1.296708566427117459e-01
8.701236010475957294e-02
1.038681316841139485e-01
2.450800583774255872e-02
3.049860615506727601e-02
4.276194767090375250e-03
4.902702705525893018e-03
1.922864781458860639e-02
1.380428150639152404e-02
1.964390326539223932e-03
1.689256239882014898e-01
6.643704880159532339e-04
1.129387966096118340e-04
1.432493785948750487e-02
8.461465573277540285e-04
1.611437667038238299e-03
4.998529727897042563e-05
1.996307457788462202e-03
6.797305263450754064e-04
2.309320278255756287e-04
6.756333616138061882e-02
8.586677668176093256e-05
4.761332086180186966e-04
7.036438420703634844e-02
1.250724415919186316e-01
2.228217813626897845e-02
1.254344026677879989e-02
6.245613087560612960e-03
2.741423964573123408e-03
1.516222462221315792e-02
7.720075072108536877e-03
5.645709134128312073e-02
7.831592839034975939e-02
3.172410118621112052e-02
7.218944837319776590e-03
4.910140535214394843e-03
6.563089685143016138e-04
5.091508241923959477e-05
5.322144509801811016e-03
2.987097732442395639e-02
1.958735244403151179e-02
9.027684570230521885e-03
8.704805453391226827e-03
1.189400153879505021e-03
1.297408517542279543e-03
1.127264363136257774e-01
4.643232955325577935e-03
1.988997063843104141e-03
5.011749010833009207e-03
3.470441846693670036e-04
6.064372141702985969e-02
5.123837061546179100e-02
4.617951922212426563e-02
2.784768581961588694e-03
2.160014749013568647e-03
1.893884408901021742e-03
3.157375804926648016e-02
1.503715230400944763e-02
4.142772627524578602e-03
5.696598235316840432e-03
3.412275283164040857e-02
2.672619970805225915e-03
7.392691048999273234e-03
4.008077487492973240e-02
1.112843675201211080e-02
5.394499690960051491e-05
1.455423332812651876e-02
8.045431217561536952e-03
1.805661053989464230e-03
5.551588445099643436e-03
1.398666402443048823e-02
8.392800532063430241e-01
1.882217406346255520e-02
5.374193059577402065e-02
2.852408898934434556e-02
1.452817497158697020e-02
8.084386261687653147e-03
1.434803231617892416e-01
2.211592056628930891e-04
2.636224242815510049e-04
1.775864838799742383e-03
1.020262648244799585e-02
1.873928873110415963e-02
4.734710282322499193e-03
2.712115234669484334e-04
1.575770105806746210e-05
4.278261265182142087e-03
1.195499182964198347e-02
8.714311107353502907e-05
5.076305796374412649e-02
1.872288661561924070e-02
2.078859099459490732e-03
3.894277593195396691e-04
9.042425532151797396e-02
2.177388281678027671e-02
1.783164669167930545e-03
9.854176861665829915e-03
1.566274824102598323e-03
9.312329949090207733e-04
4.127219055482080415e-03
9.423411467685685128e-04
7.045576898764427040e-03
1.078835780146224048e-02
9.622202317928613136e-02
1.312885325465587692e-05
1.504403814396161609e-02
1.189803787366027488e-01
1.685844989359047350e-02
9.178893145023039185e-03
8.816340646703158673e-03
1.360036755694675990e-02
6.460614596308256619e-04
2.014011357349026754e-01
1.944958946054320056e-02
2.599872572237668655e-02
2.368816508313507322e-03
2.189663993277278032e-04
3.623850755123681215e-04
2.008882781287680414e-02
3.632727569566244086e-03
3.375106308989345161e-02
7.127435775612452518e-05
5.335644613483792043e-02
1.200232533352748357e-04
1.976139525196457958e-03
1.814006153863333484e-03
1.980128190622560541e-02
9.474559893617273687e-02
1.014583521031802446e-03
4.414879830976574035e-03
9.671449628002679738e-04
7.148404970825055892e-05
1.293706514648754538e-02
3.329463297873502727e-03
2.217808151996936237e-03
6.924858578555047935e-04
3.717857854960500419e-02
1.664440588206863257e-04
1.842043817929391730e-02
1.992869484925446910e-02
3.342295251611116473e-05
3.052581304981784576e-03
4.016144900437246257e-02
1.389651573992457725e-03
1.432353568886719998e-05
5.127026748420292343e-04
7.922162406700456252e-03
5.878612244539369513e-04
1.414941854967992629e-01
8.136860653654070857e-04
5.444616102537014682e-03
5.150625759172741853e-03
3.485317844504545216e-03
9.563212875512808219e-05
2.503649440205635984e-03
3.365004265363699676e-02
2.747094163621259175e-03
2.731055460732223343e-04
1.437836223519237296e-02
1.629347879477206025e-04
2.193535425490106272e-02
9.310578524718572668e-02
1.546703267391148036e-04
4.251159140356013691e-05
1.696002247055565237e-01
1.139975126819711693e-01
2.399052476206532650e-05
3.312595388356128824e-04
3.307051560448285438e-02
1.575410343584543807e-03
7.044383490210989751e-02
4.549711539417439915e-02
8.780553115771513872e-02
1.099018306770974118e-01
8.492020641684883131e-02
1.520835806513120246e-02
1.221937109426902035e-04
2.877402839007457691e-02
6.365529501309788040e-05
5.132160960743876142e-03
6.454652770254750704e-01
1.239414392576524207e-02
3.943869991839205613e-01
5.852926769855298049e-03
1.549250549289671666e-02
5.023145078506845527e-06
2.418202133561595546e-05
5.171325839899586913e-02
8.550838245308335361e-01
1.770751646250049993e-01
6.038687071262008278e-04
2.107620949465310780e-04
3.290895279125121190e-04
4.723895251575726401e-02
7.289776841326475743e-02
3.899520561448923338e-04
4.262569169029292726e-02
4.167613067087127220e-03
2.726817317202963609e-01
1.462821451752736781e-05
8.984578971364958096e-04
1.059455127076664729e-04
3.018412034613890751e-02
8.810169145405787744e-03
1.735880698941929265e-03
9.614495945267764743e-02
3.039225672592218638e-02
3.320272599688717718e-04
4.252085054370263045e-02
2.386208816020935191e-03
5.287072495532648547e-02
9.588607049819859451e-01
1.750522706464352745e-03
3.178914760885133894e-04
2.190952032657093318e-01
6.079039687516148982e-01
1.367505713265851309e-03
3.463602158023213634e-04
1.487481431023863696e-02
2.446931883734891535e-03
6.894309376304196945e-04
5.928285552315221835e-02
4.071369762277967340e-03
7.835128171112943490e-03
7.274263358767395563e-03
9.854216343712441165e-03
6.559210467911905096e-02
5.180779394859381243e-02
8.592644269236353782e-05
4.457320929441506473e-04
1.386232694402045676e-04
1.843685397015320734e-02
1.629333728933178918e-02
3.467679124498958872e-03
5.096886842867265344e-02
3.475955158294039699e-02
1.779927782748018036e-03
9.302086323178282087e-03
9.526344913150404381e-02
9.824293897541830790e-04
1.079020354914515074e-03
1.496436927136404402e-02
5.130795554737099806e-02
1.126086983842525778e-03
5.145745123779810366e-03
8.878555430289531867e-04
1.003061750007673558e-02
5.137464036055135229e-04
2.698169095921340143e-03
1.238196332810052197e-04
5.103035164606535773e-04
5.701021761739572154e-04
9.923089892315469299e-03
2.142603705171015199e-03
1.801715041743667941e-03
3.000613806630169078e-01
5.640747846397389242e-01
7.756617744167850111e-03
1.133904532223114604e-05
4.778037366242984460e-03
6.039952674920251972e-03
4.326316202980384643e-04
4.609217959654888196e-03
1.174624788939043207e-01
6.284012984867759890e-04
1.675648171154005966e-02
4.289723385104925873e-03
3.334281342903786666e-02
1.046953483891501565e-04
7.737681122806398457e-03
7.716936873061171296e-04
3.408588206718451540e-03
5.131084670890198813e-04
6.321246489198590040e-04
2.833970995140296231e-04
1.852756468166319448e-02
1.973091895591395917e-02
6.798110345839089574e-02
1.285267166424793397e-02
3.097460983048167839e-03
1.393464319353542816e-03
2.518046961154935329e-02
6.387086318374236571e-01
3.252029573525266198e-02
9.653601613986930244e-03
8.445296592211128149e-04
1.485463268345366562e-03
6.100701575235987356e-03
2.870511927643374078e-03
7.218377974338909681e-04
5.292333143280381460e-04
5.405480552011020061e-03
1.432267648609869245e-04
8.724143888858179943e-03
1.490410813321400331e-02
3.745789790343229900e-04
2.421242085526239401e-02
2.189266060909848127e-02
2.447739289585929880e-04
1.281662988683532215e-04
2.226608735619866816e-03
3.207823430893411154e-02
5.259120198100581019e-03
1.536888124474104951e-02
1.120376703958896568e-03
2.571277380112119365e-04
7.548817383312401118e-04
3.298563075775359310e-04
2.501807626555541272e-04
4.371699129610114032e-03
2.590745614897865257e-01
2.910333274359444208e-03
3.330662280003853296e-03
6.072726662655364427e-02
7.338337585636060595e-04
4.184566625208668687e-05
2.406389169981500709e-01
1.850528287379574199e-02
2.380755481138633819e-02
3.638966090916660040e-02
4.653582578599982318e-05
2.829754668395307714e-03
2.633194952008610559e-03
8.095161092245589662e-03
2.227678597381337056e-01
4.536081821254870527e-05
1.592701637519974064e-03
1.853207127079417246e-02
5.266972484741428394e-03
2.874757012536279077e-05
1.924190502049377216e-03
1.734256389475845664e-04
1.014033164700414366e-02
2.191025054608271988e-03
2.127070630507490318e-02
3.212346809528870278e-02
9.582146329090383829e-02
3.486842674858838809e-01
1.346412767525424683e-03
1.969326265352318306e-01
2.603701194846049383e-03
1.760396125495082001e-03
4.667051387032186542e-04
1.032233179729028205e-04
8.621534382944077979e-02
9.584121564968596724e-05
1.302473449998495063e-02
1.841432774281729495e-02
6.074406685622695846e-03
7.909196097624417165e-02
6.007003023470092878e-02
2.464807887032602926e-04
2.265009675745791734e-02
9.516716854421937162e-05
1.117066432195336026e-05
6.151406416308767078e-04
1.528304030460144033e-03
1.055702025730451132e-03
3.863504894782927900e-04
6.006228204060583276e-02
6.071984665497348090e-04
6.594823500846487274e-01
5.372871228551866435e-04
2.962029818794218328e-03
4.144500629248912271e-04
8.052328670264509783e-04
3.814580139452112975e-04
9.145497271610750212e-02
5.050247433621903471e-04
2.651613465985719342e-03
3.169178630340944158e-01
9.012358076298087467e-04
7.246617180993336106e-04
1.637845092199003913e-02
1.599025468785580592e-02
1.528411990553436937e-03
3.458794026335365373e-05
3.657983576292663940e-04
4.984585408360184787e-03
1.906696705806928082e-04
1.650830411694263582e-03
6.914313761182299322e-04
7.470436036824955632e-04
3.688659031614875596e-04
4.006772446886736191e-04
3.114530937581850819e-04
1.479253480143755139e-04
9.131322790522136343e-03
2.345006426837933922e-02
1.567089557820402687e-04
3.133190636839650045e-01
2.117025955212560942e-02
2.957297320244321303e-03
2.957122017638851279e-03
4.162150911975620333e-04
3.000077116910453492e-02
1.539557955650762509e-03
1.809556120783248562e-03
3.409984238567613382e-04
3.373327255317652429e-01
9.284726193321624424e-03
6.647604412519951891e-03
9.612435296570419384e-04
9.679984369121744060e-06
7.464643168225110030e-03
8.682712629867658230e-04
1.780365901519200499e-04
1.532249710528731839e-03
5.981758259729252534e-05
5.136459241476662441e-02
1.321072021718403943e-03
1.510023231802002930e-01
1.290242212687665695e-02
4.298943663588885439e-02
9.792380623066603788e-04
5.067674693379453123e-03
3.025667116306928750e-01
1.132241342604889747e-03
4.808467034877223802e-03
3.465502342481948661e-01
7.513575187972088183e-03
9.595854968069186515e-05
2.499222755318714767e-02
4.478623226071333681e-03
8.236269914990063806e-03
1.914849419369608549e-02
1.041855825865418105e-02
1.245037977135462983e-04
4.637038087003621440e-04
2.296422829427222090e-02
2.321041240440987474e-01
1.609176024611104830e-02
1.469480753447908669e-03
4.416395757516807137e-03
8.528844551224844467e-04
4.318809228552241428e-04
5.458368578695386303e-02
6.424740842115711503e-01
1.432212767810344420e-04
1.646499324437741048e-04
6.895684539516049255e-04
2.851871263684773415e-03
1.503182639362638613e-03
2.394613680394805139e-04
7.248195864247312416e-03
7.878850703921019827e-02
4.938258259798413707e-01
2.240127111665724587e-04
2.886357041601732634e-02
1.429313135165215319e-04
4.472055777459967019e-03
9.559615819872286854e-03
1.119397029144904646e-02
1.408433235304485179e-02
1.718563703598777193e-01
2.344674760594780288e-04
1.486780026380234631e-03
7.812079299650653667e-03
1.765937742017634204e-01
1.516359541971585775e-04
5.229477649019310254e-03
1.440663026056634944e-05
7.885550761011308508e-04
1.471280658536851943e-03
1.655572988821910974e-03
7.485747338917790594e-04
4.548462859693227361e-02
1.368334291712914507e-05
2.127215980105568241e-02
3.279689477582823243e-04
9.286883718466249285e-03
2.988591527190623373e-04
2.037170124066955620e-02
3.090741142954514173e-02
1.350409095529344350e-01
4.244099055692605784e-04
1.995683236373431146e-01
1.122716413048109457e-01
1.907004023380158009e-01
2.997680680023535708e-03
1.394702812397692615e-01
6.990243896878732457e-04
1.704707980320107619e-01
5.019067366255190558e-03
1.158052522226853684e-03
3.907103084121697462e-06
1.266537448732194069e-03
9.312299986040576891e-03
2.084267940382817080e-03
6.037009532967865799e-02
1.608156247624806245e-02
4.739148540181272427e-03
9.142905216001033899e-04
2.359027352706749223e-02
1.182905850645545910e-02
4.351380506353535321e-02
2.839004741091970610e-02
7.985900735721199878e-03
5.045826092923704626e-02
9.726982503314385515e-04
3.732764400012216779e-04
2.025235456279598318e-04
1.831555605109119050e-02
9.808681196042610961e-02
1.819976648476341954e-02
4.028555424004414548e-02
3.870644751834981245e-02
1.614336395959535086e-04
1.342403402660360609e-03
4.863713959524398715e-03
1.956843145564043651e-01
9.435727411999796782e-03
1.347815387795853748e-01
2.449568317755252290e-03
5.342071902164429419e-03
4.963680001422136542e-03
2.200268854426341500e-02
8.139906080959895610e-03
9.759611373697095471e-03
6.140523410515674740e-02
2.848323684187524280e-04
1.180773385326883314e-02
1.486369628690339560e-03
6.182548158630602907e-05
1.953288021786522637e-04
9.175890127269943847e-04
1.582696366319463234e-04
4.159137861533609461e-03
2.109015373001034768e-02
1.559754642277673105e-03
1.084247770491398623e-02
9.133849778504475820e-04
6.799038557718437709e-03
1.135199829376744513e-03
4.523093022448886752e-02
7.361412796524696364e-04
9.862345620588226502e-01
7.022270484728286534e-04
1.544175624759507536e-04
4.691473351734906866e-04
3.911328164760908416e-03
6.172462091450768851e-01
1.215050942909978249e-03
1.879303355839452572e-02
1.731881142640960894e-02
3.907368733952486239e-02
1.283715468401903925e-02
2.647469680881687354e-02
1.782710835030331883e-02
1.286562001145801978e-02
6.038540272591457446e-03
2.862460990030809985e-04
9.367549792027179273e-03
3.018748222347572910e-02
1.291813853201400145e-02
4.252918366241292456e-04
8.121194538513620180e-04
2.040367138379323587e-03
1.449655597187075992e-05
1.756116558655610111e-03
3.048702162375054037e-02
3.590178794956072183e-03
5.439371581757538330e-04
1.826148845057634987e-02
6.054088708011364645e-02
3.843652286906102528e-02
3.782952856277117804e-02
6.306306903923049822e-05
1.552460674771282030e-02
1.263487430305747184e-03
1.519154315413132582e-02
2.160654858976776126e-03
8.955998541296708582e-03
9.994528162065767496e-02
1.287956138603108197e-03
1.487827444411061496e-03
1.822058117120657020e-03
1.528609239506859840e-01
1.047426744645366510e-04
3.496756049846608673e-04
2.476221159251673284e-02
2.929036002317807934e-04
4.845654957468026325e-01
6.701652161747327641e-02
2.459180526026217076e-02
1.064300436241881606e-03
1.361988090610596674e-03
8.230054520737595941e-03
4.660426844168656657e-02
6.110211453865064396e-05
3.673688278381380921e-03
3.149995557456178926e-03
3.562549984221104714e-03
1.950414292748131216e-03
1.188229250824063277e-02
5.680639425325184622e-02
7.783640471211331069e-02
2.398092106608348817e-02
4.502603771768353552e-02
3.117083084645940280e-05
2.541852343860683677e-04
6.833188861195480836e-03
2.911593979375728253e-02
1.403639677621778496e-03
1.263870505157578018e-02
6.084288132874289892e-04
4.097216137636559906e-04
2.318734536967783418e-03
3.777763810683657658e-02
1.748898940132725174e-03
7.226102736888538776e-03
4.744244109202636409e-03
3.709758681563816302e-03
4.624636238981723492e-05
1.154172395740790391e-01
5.778077906021236504e-04
8.866687317301589349e-03
6.965828391404358874e-03
2.017348215779352083e-02
2.586376446968333825e-02
8.801282942707210066e-02
8.930517926270946025e-03
3.174806443278137898e-04
2.316675416667996271e-02
1.161964501050070236e-02
9.092242954247878577e-04
3.782652493416866320e-05
2.544683578441740354e-02
6.352206768013717725e-03
6.371330818522278304e-03
5.146550410505795325e-04
1.269707266537450278e-04
1.548304702957754020e-01
2.789824657404329751e-04
3.034025323621411727e-05
7.609345016015144232e-05
4.516745896419319811e-03
2.933987735299113317e-02
3.263906543131824683e-03
2.701975775383860245e-01
3.884115828594506686e-02
4.248288545025311579e-03
1.057331398816260945e-03
1.207887402277142176e-02
7.975217608079961107e-03
4.936132780548180971e-02
7.674410506513713350e-03
4.910803593673736082e-03
1.819660506327598071e-01
2.395782987443745987e-02
5.333263267931849836e-05
9.004425654813736366e-04
3.641655903858993554e-04
4.646171792803548443e-04
3.036614445171816057e-02
6.633966310334390297e-06
4.323986388589574513e-04
6.578395836447024393e-03
1.291464227823676571e-02
5.770990324112689196e-01
1.275023487324478534e-04
7.419438977801120876e-04
2.345993165671612598e-04
1.482774270921466288e-05
1.364776171534367970e-02
2.368961468519669919e-02
1.718587584877011613e-04
7.752657330206421671e-01
1.935235916829893845e-04
1.254338610518424739e-04
8.024276616770714687e-03
2.311447045885078530e-02
1.866681777214538630e-03
2.668165277819192424e-02
5.461942570266330177e-02
6.836643501281760779e-03
2.498210548422059234e-04
6.391513160293665419e-04
3.902629049891256832e-04
2.971633347765410132e-02
3.756411393192517906e-04
4.167239687406897562e-03
5.978011916042517103e-03
1.040639580900687838e-01
6.209237337029275411e-02
5.927751760619210178e-03
3.033796730804392758e-02
5.736303063109382191e-03
4.245611356625584795e-03
3.961061866081838937e-04
1.770099705666705158e-04
5.091542955896660770e-04
9.406236223953613751e-02
2.359444093092863751e-02
1.037176254817101691e-02
6.636463005727038199e-03
1.080356862494138807e-03
3.708831843074163193e-02
2.988485519062610528e-03
1.640544738305750594e-03
7.588447019065632003e-04
5.011187793972131052e-05
5.856067493335097122e-03
4.197927109030564558e-05
9.729340814851437794e-04
2.654468385613267985e-03
3.568520715452506639e-03
1.216524045700739971e-02
7.693868075517955579e-04
1.967637095291868146e-04
1.463340859717277443e-03
8.553184064890178434e-03
1.495217095792034101e-01
1.744314167769884421e-03
2.087793641742121797e-03
1.103415902579627932e-04
7.492345237665561574e-04
6.718690881306464311e-05
1.277319249425727535e-03
4.324514999461922735e-03
9.411284078219429861e-03
4.885339751063653285e-02
1.394470432699507489e-01
3.762635420910495111e-04
6.988956791049977637e-04
1.831919638213880958e-02
9.096791984021340011e-03
2.235039122845700055e-03
1.993868175946280318e-04
5.828838302880264520e-04
7.976264011964442945e-04
1.418597334724141590e-03
1.394936139044662118e-03
1.311584617553690317e-02
2.299466610782260889e-01
8.047669750152236512e-02
1.754303261804922645e-02
5.493008585625318817e-03
1.738641077674315041e-02
6.636604738374869834e-06
3.009467211122477878e-02
5.309404150262719835e-01
3.059156385844069570e-01
2.283297914242533866e-02
1.236721106572803133e-04
6.942441244930125811e-04
4.659314532371974099e-03
6.318811490803402393e-04
1.143311949120866201e-04
2.325418400236384936e-02
5.479013518234060725e-04
2.146068547614678971e-03
4.511358026866093586e-03
7.509828181255202113e-04
4.887542161971369405e-03
1.571350109771370925e-04
1.400187684101217994e-02
5.067986175856079717e-03
9.600626906933538811e-04
1.000156019504253035e-01
4.553404736629225180e-01
1.794643903310745234e-02
1.469586496944920266e-03
6.031321509179388834e-03
8.981883446082162170e-05
8.743492976008786222e-02
6.344094566034112802e-04
2.431916222654189469e-02
1.356762180730774203e-01
2.395002490185572930e-01
1.176577716868585158e-03
1.999453165027102741e-01
1.880246053771364879e-03
2.258884623543699216e-04
4.543137081035519484e-03
1.135021630975984001e-04
9.416302780234979408e-02
1.816316792980383346e-05
1.001574290166479822e-04
1.292136747522513172e-04
2.224141891656413914e-04
7.613401433604660750e-04
1.449224674582965527e-02
6.322376808687780146e-03
2.134155963247713617e-02
5.907058780565440162e-03
2.984275665080067252e-01
1.091187987117471329e-02
1.481744325731315247e-04
2.371140468318227556e-04
4.884707082506192788e-02
7.608155623115006659e-05
4.341506159041374005e-03
5.791681418818872291e-04
2.912838272988202523e-04
2.790615880308273608e-02
2.487491176461299118e-04
3.585526386254388187e-02
4.950493469936641938e-02
4.013558810346955739e-03
5.193835568076115173e-04
2.033081332326977866e-02
3.748734689264462266e-02
4.803824804568592247e-03
2.907778528820285230e-02
6.183894558652863228e-03
4.854141912610726107e-04
1.397365840827912310e-03
3.255992505390213707e-04
1.137040347506749170e-02
1.387097183698682870e-05
3.877426384372811147e-03
9.043635966560178475e-05
7.870619645518099833e-04
3.967840916472729074e-01
1.249591442920112289e-02
2.624694036536725800e-03
1.717707043588373320e-04
1.416702863258103174e-03
8.635116153418095908e-03
1.139091486693187766e-03
3.412309503104042890e-03
9.368230721788994853e-03
1.397542712813021272e-04
1.364259403656041016e-02
2.879621451296354023e-02
9.553515226204334354e-01
5.241637424037313142e-01
8.903438439058193321e-01
8.352940236968052767e-01
8.670629736645959484e-01
6.053441983033024804e-02
3.099714395401414468e-01
3.483500370067399432e-01
9.565290558981818236e-01
3.886912618124786778e-02
6.553769704247620620e-01
5.978145013095195193e-01
4.466590311215299508e-02
9.651101459908125735e-01
8.467524308873098926e-01
2.746534585241333995e-02
8.246533658375844178e-01
6.705945170517266796e-01
7.586929178420448450e-01
6.246404710928932236e-01
3.262479478873765992e-01
9.872502410230349357e-01
8.927584789017943834e-01
9.097662844995475784e-02
7.861837894226069157e-01
6.603974469564207750e-01
4.868807977899345940e-01
6.446966046435279596e-01
8.842636355567798923e-01
4.171513662908142295e-01
2.085276644357499098e-01
7.987289641176175126e-01
1.195779345399012317e-01
9.250360314775286641e-01
9.924922331230626726e-01
1.562528251642375798e-01
9.306283179602680145e-01
1.383052281642397074e-01
7.604576313191749870e-01
2.423767060718014510e-01
5.525701709741962508e-01
4.224870270153782692e-02
3.271369396224206305e-01
7.969213856657653139e-01
9.105342594694762481e-02
5.517315125159750755e-01
6.494284803509329240e-01
6.118766462628248970e-01
9.673834480061169749e-01
9.771868985092910798e-01
7.636929521214463890e-01
3.476314980137124033e-01
1.848262174859042761e-01
9.219030146695705863e-01
4.190403314270164103e-01
7.598671492422133245e-01
2.453262472167089814e-01
2.005737197634941682e-01
9.871559892193045860e-01
5.075890995527068128e-01
8.760996472912147004e-01
8.510954964845761639e-01
9.557751351017242936e-01
1.379565286036886773e-01
2.683841453864914683e-01
2.243261414728926206e-01
3.054645584445331644e-02
1.951356921807368971e-01
5.833704959392753686e-01
3.605991766443428781e-01
1.255442755814787648e-01
3.472117689992743061e-01
6.514822110869255001e-01
1.206107599384909079e-01
1.338529771633982790e-01
9.620746112189800803e-01
4.976438756097563143e-01
9.217653334728491687e-01
6.009721985222524765e-01
9.935303400836333898e-01
2.789195676084878506e-01
7.774042606769462349e-01
6.747684877672051051e-01
7.521226070745508085e-01
3.907369494491541584e-01
5.632071631501618381e-01
1.204660732567058579e-01
5.439031849506531513e-01
3.250513135996745823e-02
5.582398816602862635e-01
2.916529995223735572e-01
4.785797609854730572e-02
9.084741552878078386e-01
2.792985644670397116e-01
3.323049965170669084e-01
6.144424218561961304e-01
4.315896194309043477e-01
5.333461934555817630e-01
9.292933279329936846e-01
6.645590651906979618e-01
