1.128717852861136350e-01
-8.786025693913988022e-01
7.544993703393181317e-01
1.593738509299226225e-01
8.569827941436771734e-01
2.765178145561559830e-01
1.616036736974114929e-01
9.298183462775746477e-01
9.919610863890184760e-01
8.816572059576057718e-01
1.029915855922783452e+00
7.787664443968774636e-03
-6.772094280918494746e-01
4.887214401640820327e-01
-1.136473494730729783e-01
6.463822480694325634e-01
4.656894174173567547e-01
7.497799912092624197e-01
-6.528419016382276396e-01
-5.690773717803168097e-01
-2.316783387510348291e-01
-5.682710834067989936e-01
1.281419119114630689e-01
-8.325204969742667771e-01
-9.135833241344224476e-01
-9.108193393919705727e-01
-5.506163770334104868e-01
-5.867420294391489932e-01
-6.133110326866599848e-01
6.808697294486592000e-01
5.097513798250606909e-01
1.059286849160290034e+00
2.015630330421949168e-01
-9.476261440537925296e-02
3.748339122998345374e-01
9.206562367530590762e-01
1.002103904842570614e-01
7.495659541190884401e-01
-4.777620609776427330e-01
6.824872628438576339e-01
-5.201614280881443619e-01
-1.569012063320016637e-01
-2.180318199402488943e-01
-6.130301148408645595e-01
3.688637356451671678e-01
9.357476583853048258e-01
7.394897841500212010e-01
4.497553344918225338e-01
9.203059789569564275e-01
-7.320623763852065480e-01
8.690436292141563435e-01
6.779930309229682539e-01
-9.198633193483818360e-02
-8.598227030310271607e-03
3.110366279470118123e-01
2.677211110196439092e-01
4.473783888281871457e-01
-9.942566653101883034e-01
-5.183727207620894006e-01
1.024491887518193201e+00
1.037869635027075521e+00
-5.483813149382990026e-01
-8.969824662548226968e-01
-2.627921009902358662e-01
8.821609539008656853e-01
5.522054299024059532e-01
8.973083096953877735e-01
-5.584730907399053645e-01
5.350337836173242323e-01
6.607217891339325355e-01
-6.650366892129930818e-01
1.244561016157824662e-01
-8.909614677895678625e-01
9.358778323921268516e-01
7.063108031398890319e-01
5.430135285479343876e-01
2.853690108859820995e-01
-9.478587568488274773e-01
2.328278737470802495e-01
1.147216372604263346e-01
2.116375172029474339e-01
-7.167712665335876920e-01
-9.249301804985741171e-01
5.488539993014107665e-01
-1.932463936694315265e-01
-8.458850707342681075e-01
-2.586093840233996133e-01
7.563953826432623373e-01
9.123295701672171631e-01
-4.993063452194661522e-01
-7.953794783163026239e-01
-3.766062530224871807e-01
8.695184130839725967e-01
3.552748692153836346e-02
1.057574759859883029e+00
2.248451836602960441e-01
-8.763423434979689119e-02
-8.751001842057983815e-01
-9.845812143744011591e-01
6.841048570786979477e-01
-7.645767596786514630e-01
6.308163394192239926e-02
9.130504691915874993e-01
3.061040103096488441e-01
8.013395958833233745e-01
-9.791399262461975006e-01
-5.515919499005070836e-01
-2.704720596426604118e-01
7.546908664750571205e-01
-8.092745005800843217e-01
4.448485282655667561e-02
-8.880827438923399875e-01
4.949296084626197967e-01
6.769527155860227685e-01
-9.128144064473318053e-01
-8.964110229676114372e-01
4.041026092463707031e-01
1.149506285226422619e-01
4.039584051540145992e-03
5.127154094057218003e-01
-4.341715981877847241e-01
1.862092281686793527e-01
2.041879073353314311e-02
-3.285379467951052845e-01
3.055276777718054504e-01
-2.559600306316021090e-01
-4.197806381656512542e-01
5.987961187830407317e-01
-7.943543381175155460e-01
1.053776934988753355e+00
1.783133761898205716e-01
1.554559378537052339e-01
-3.283140269360060870e-01
2.052158582298737599e-01
4.491976060380536984e-02
1.462033375015388270e-01
-9.356877161635859252e-01
-8.247470137360135567e-01
9.102449628609567966e-01
1.026582861134151425e+00
-5.973163230584503935e-01
-9.747447408748084463e-01
7.157163812116603685e-01
8.576152467847037997e-01
-5.514188389489085296e-01
-7.207485272459237535e-01
2.680612294083691838e-01
-7.093745091028340610e-01
-7.591938601528929187e-01
4.082553006714064736e-01
-9.853975605030038665e-01
-7.739555654318159839e-01
4.831726780360474649e-01
5.290849021148620324e-01
9.313304355785088084e-01
-7.190956476992731439e-01
-6.269654025650766016e-01
4.851354575894199495e-01
4.659932890638351921e-01
2.730176336564955619e-01
9.538825963613284387e-02
-2.394386548586755481e-01
9.797815045347333385e-01
6.645270457861612856e-02
6.153249177635569112e-01
-9.317982510076330271e-01
-6.948467575905645788e-01
-3.008789422383770784e-01
9.425318768935259106e-01
-6.724345646838578716e-01
1.627475589281104362e-01
8.861893381958523275e-01
5.126162222084289510e-01
4.574917787587668982e-01
7.819842776826269048e-01
-7.106431986744077278e-01
-1.916562874380352000e-01
7.534745872532954136e-01
-1.344748840049705407e-01
-6.708886636251865099e-01
4.450276657862621554e-02
3.300845806268917215e-01
-6.354322552492388532e-01
7.562689265095398072e-01
2.546356265892022464e-01
-8.420310856714796621e-01
-9.555837796297108611e-01
4.196287920482895117e-01
-6.365406748762261202e-01
2.939017104531841951e-01
7.735346267760370154e-01
-9.718890132743958077e-01
3.302352775898498294e-02
8.225236740310108985e-01
6.862268197774845646e-01
3.015216248422341039e-01
1.364432649846208934e-01
-5.928198080724005337e-01
3.132801851379376501e-01
1.038496552847774757e+00
3.654013059333394153e-02
